00000000000000000000000000000000000000000000000000000000000000000000000000000000
00000000000000000000000000000000000000000000000000000000000000000000000000000000
00000000000000000000000000000000000000000000000000000000000000000000000000000000
00000000000000000000000000000000000000100000000000000000000000000000000000000000
00000000000000000000000000000000000001010000000000000000000000000000000000000000
00000000000000000000000000000000000001010000000000000000000000010100010000000000
00000000000000000000000000000000000001000000000000000000000000110101001000000000
00000000000000000000000000000000000000000000000011100000000100000000010000000000
00000000000000000000000000000000000011000000000011001011000100111100000000000000
00000000000000000000000000000000000001010000000000111100101001100001100000000000
00000000000000000000000000000000000001100000000010010001110000011100000000000000
00000000000000000000000000000000000000100000000100001001100110010010000000000000
00000000000000000000000000000000000000010001000100001001110101000011000000000000
00000000000000000000000000000000000000000000101100001001111000001000000000000000
00000000000000000000000000000000000000000100001100001001111000001000000000000000
00000000000000000000000000000000000000000101000100001001110101000011000000000000
00000000000000000000000000000000000000001100000100001001100110010010000000000000
00000000000000000000000000000000000000000101000010010001110000011100000000000000
00000000000000000000000000000000000000000010000000111100101001100001100000000000
00000000000000000000000000000000000000000000000011001011000100111100000000000000
00000000000000000000000000000000000000000000000011100000000100000000010000000000
00000000000000000000000000000000000000000000000000000000000000110101001000000000
00000000000000000000000000000000000000000000000000000000000000010100010000000000
00000000000000000000000000000000000000000000000000000000000000000000000000000000
00000000000000000000000000000000000000000000000000000000000000000000000000000000