00000000000000000000000000000000000000000000000000000000000000000000000000000000
00000000000000000000000000000000000000000000000000000000000000000000000000000000
00000000000000000000000000000000000000000000000000000000000000000000000000000000
00000000000000000000000000000000000000000000000000000000000000000000000000000000
00000000000000000000000000000000000000000000000000000000000000000000000000000000
00000000000000000000000000000000000000000010000000000000000000000000000000000000
00000000000000001111100000000000000000000010010000000000000000000000000000000000
00000000000000001000010000000110000000000010110000000000000000000000000000000000
00000000000000001000000000001101110000000010100110000000000000010000000000000000
00000000000000000100000000011011110000000000000000000000000000011000000000000000
00000000000000000001100011011001100000000000000001000000000000000100000000000000
00000000000000000000010000100100000000000000000000000000000000000000000000000000
00000000000000000000001010101000000000000000000000000000000000000000000000000000
00000000000000000000000100000000000000000000000001000000000000000000000000000000
00000000000000000000000100000000000000000000000000000000000000001000000000000000
00000000000000000000001010101000000000000000000000000000000000010100000000000000
00000000000000000000010000100100000000000000000000000000000000011100000000000000
00000000000000000001100011011001100000000000000000000000000000000000000000000000
00000000000000000100000000011011110000000000000000000000000000000000000000000000
00000000000000001000000000001101110000000000000000000000000000000000000000000000
00000000000000001000010000000110000000000000010000000000000010000000000000000000
00000000000000001111100000000000000000000000001000000000000100100000000000000000
00000000000000000000000000000000000000000000010100000000000011000000000000000000
00000000000000000000000000000000000000000000111000000000000000000000000000000000
00000000000000000000000000000000000000000000000000000000000000000000000000000000