00000000000000000000000000000000000000000000000000000000000000000000000000000000
00000000000000000000000000000000000000000000000000000000000000000000000000000000
00000000000000000000000000000000000000000000000000000000000000000000000000000000
00000000000000000000000000000000000000000000000000000000000000000000000000000000
00000000000000000000000000000000000000000000000000000000000000000000000000000000
00000000000000000000000000000000000000000000000000000000000000000000000000000000
00000000000011000000011000000000000000000000000000000000000000000000000000000000
00000000000100100000100100000000000000000000000000000000000000000000000000000000
00000000000101000000010100000000000000000000000000000000000000000000000000000000
00000000011001110001110011000000000000000000000000000000000000000000000000000000
00000000100000010001000000100000000000000000000000000000000000000000000000000000
00000000101100000000000110100000000000000000000000000000000000000000000000000000
00000000010100000000000101000000000000000000000000000000000000000000000000000000
00000000000110000110000110000000000000000000000000000000000000000000000000000000
00000000000000001010000000000000000000000000000000000000000000000000000000000000
00000000000000001100000000000000000000000000000000000000000000000000000000000000
00000000000001100000000110000000000000000000000000000000000000000000000000000000
00000000000101000000000010100000000000000000000000000000000000000000000000000000
00000000001011000000000011010000000000000000000000000000000000000000000000000000
00000000001000000100100000010000000000000000000000000000000000000000000000000000
00000000000110011100111001100000000000000000000000000000000000000000000000000000
00000000000001010000001010000000000000000000000000000000000000000000000000000000
00000000000001001000010010000000000000000000000000000000000000000000000000000000
00000000000000110000001100000000000000000000000000000000000000000000000000000000
00000000000000000000000000000000000000000000000000000000000000000000000000000000