00000000000000000000000000000000000000000000000000000000000000000000000000000000
00000000011000000000000000000000000000000000000000000000000000000000000000000000
00000000100100000000000000001000000000000000000000000000000000000000000000000000
00000000011000000000000001111000000000000000000000000000000000000000000000000000
00000000000000000000100101100000000000000000000000000000000000000000000000000000
00000000000000000000100000000000000000000000000000000000000000000000000000000000
00000001111000000001000000000000000000000000000000000000000000000000000000000000
00000001000100000110110101011111000000000000000000000000000000000000000000000000
00000001000000000110101000011111000000000000000000000000000000000000000000000000
00000000100100110010001110010110000000000000000000000000000000000000000000000000
00000000000001001011000000000000000000000000000000000000000000000000000000000000
00000000000001000011000000000000000000000000010110000000000000000000000000000000
00000000000001001011000000000000000000000000011010000000000000000000000000000000
00000000100100110010001110010110000000000000000000000000000000000000000000000000
00000001000000000110101010011111000000000000000000000000000000000000000000000000
00000001000100000110110111011111000000000000000000000000000000000000000000000000
00000001111000000001001011000000000000000000000000000000000000000000000000000000
00000000000000000000100011110000000000000000000000000000000001000000000000000000
00000000000000000000100000010000000000001000000000000000000000100000000000000000
00000000001000000000000000000000000000010100000000000000000011001111000000000000
00000000010100000000000000000000000000001010000000000000000000000000000000000000
00000000001000000000000000000000000000000100000000000000000000000000000000000000
00000000000000000000000000000000000000000000000000000000000000000000000000000000
00000000000000000000000000000000000000000000000000000000000000000000000000000000
00000000000000000000000000000000000000000000000000000000000000000000000000000000